0577579576
0973881962
0676312741
0682306422
0671091818
0674838777
0504167525
0662082534
0983832900
0972159435
0677842527
0957310407
0973468239
0677151981
0509155181
0432619916
0432619922
0989307639
0991811002
0487952528
0979166998
0502274748
0667444887
0971243399
0672987029
0984485449
0677633919
0931400606
0983246810
0506122434
0932638969
0984303061
0959149439
0984987484
0973820067
0634062597
0674733232
0675595145
0634877680
0509108421
0637188344
0972682942
0981019632
0685978997
0964601080
0675590727
0674175327
0563744702
0987905798
0679290758
0983666609
0982913353
0506293664
0934840127
0990211582
0967097626
0503440302
0967530414
0432621286
0938585849
0673838090
0442048090
0999497155
0633871370
0676545500
0666648283
0444955020
0676083535
0676127770
0612650447
0683524750
0673781520
0939830615
0952707900
0504161620
0505829760
0985000661
0675006868
0444611441
0507624779
0522271020
0679645075
0980241616
0634951018
0679353929
0444675955
0674945449
0504115013
0504443221
0934115185
0679008574
0672434583
0939092299
0677775991
0974882388
0674021747
0673957441
0974049544
0487873910
0933577075
0503352960
0734439585
0617010946
0979780254
0977292688
0678737878
0976990675
0983225992
0960307904
0972809387
0935738005
0973651075
0968738391
0444305543
0444689004
0675611543
0563776336
0679929191
0993000077
0981509720
0688612289
0979927000
0963098601
0487375545
0675031295
0638298698
0674081808
0673568667
0432525971
0673251635
0972020510
0676223625
0680896511
0577818571
0632961523
0676095948
0985126018
0432696400
0982173497
0665768269
0674838876
0631189940
0679541422
0930471574
0976935812
0955013554
0980100057
0445929294
0567670791
0562355091
0994707250
0637348488
0952809794
0673290297
0672197977
0936569797
0668195353
0672434400
0634943838
0675089099
0504228582
0972639944
0931446960
0676361594
0676905121
0672205444
0412466321
0967654470
0977954696
0673266886
0976221915
0679641590
0984561036
0972267175
0445409266
0445781453
0635781453
0939666486
0442234707
0677088744
0673412491
0958440185
0931062476
0931062478
0412472131
0412446333
0960267333
0522357677
0577791739
0673695542
0977144402
0506423555
0973900804
0679589841
0935676467
0682025264
0991853400
0664169070
0984818947
0663902080
0987536966
0950607805
0675943063
0509194383
0984204060
0672564603
0934452489
0968958834
0634159197
0989291505
0668267529
0975878791
0672436002
0612397177
0974732914
0674048780
0664845107
0667919141
0975672999
0996151883
0973998477
0504115659
0981560415
0482634403
0674839895
0675180208
0487034201
0993174749
0973416486
0504929707
0958242303
0567219464
0563715661
0482357263
0674488980
0675657755
0672091194
0672365120
0980626665
0674305693
0935200719
0973229597
0501617111
0671617111
0634291097
0567911242
0444309673
0444302185
0562521253
0567701570
0677197005
0970119911
0567365135
0504518762
0952683794
0977569320
0635257734
0939137577
0979886868
0412448020
0674101502
0672817628
0976151771
0444405177
0444405188
0687517751
0688131313
0676933356
0671785683
0442290881
0639735188
0978764226
0412553725
0965517479
0674126407
0442276887
0967270410
0674072637
0503623362
0676393031
0522243445
0509256225
0674097171
0444667171
0931505554
0669880909
0985963775
0507299303
0675617544
0675674652
0503345832
0444564473
0445319554
0442060535
0671637088
0671688853
0504127264
0932237474
0975136123
0612206063
0612702088
0675613353
0985533028
0632050707
0635153822
0675657189
0445062318
0445678042
0445850846
0445667195
0506433748
0672977334
0662189580
0931170083
0676862118
0953176684
0505908399
0963201608
0667701411
0661314700
0487876317
0980038588
0951155051
0631617575
0445401616
0487389565
0487930509
0503422778
0676506528
0676400065
0732882525
0663285719
0502155397
0445945594
0445615810
0635450987
0675598707
0675467223
0980044325
0445663411
0445663162
0962677110
0673842012
0930853588
0504453457
0444943535
0734528782
0487374319
0679520126
0507431310
0993287248
0505956154
0412256239
0976371183
0957320379
0505204460
0964738279
0963309081
0933137312
0672930304
0676565217
0612896528
0679561735
0931970358
0487015232
0487001718
0939808156
0984122991
0981198583
0504009864
0617013322
0679044009