0966596914
0667552935
0979786170
0972137010
0660762285
0957900998
0999150838
0934746045
0958860829
0661663631
0959553433
0502409739
0934470557
0977741060
0933423085
0631480521
0662507381
0977454119
0666959985
0978839771
0500148481
0679255262
0975054508
0638741013
0634016011
0997633761
0664595702
0990637351
0675329515
0676967050
0665199947
0638387428
0993173243
0974297125
0636454286
0506027002
0954732324
0930802634
0995012449
0939820726
0974304537
0999036837
0689661184
0678841815
0963266482
0631454392
0668048662
0939041041
0955393202
0684463328
0984191156
0500513345
0508010338
0932500112
0973526430
0963987278
0937013941
0934869708
0664856662
0508468347
0963251407
0963235051
0662393525
0683251114
0636074073
0638894689
0973198473
0972614273
0994561215
0503838334
0631027787
0672442123
0963997232
0505858036
0919014399
0957239428
0501739971
0684335944
0982915751
0988363509
0954049781
0672548210
0636046871
0506926029
0938019291
0509784234
0630259362
0508866941
0638083781
0667870433
0994529030
0982313918
0672689788
0509159166
0506662691
0961811837
0971216225
0362225298
0633019191
0675787873
0635073966
0676457389
0673759043
0666733817
0951880277
0683501544
0666429295
0687280921
0444023130
0983772720
0973071788
0934877454
0982772754
0666993014
0504562564
+38 (068) 1608977
0660360982
0633763737
0638546219
0507611289
0660160946
0677501459
+79788439660
0986269138
0957516152
0637732625
0990790710
0954839121
+37253125555
0974041959
0673931399
0958738027
0507048834
0639607608
0954578861
0639570279
0987224869
0635827202
0936707014
0666689744
0939650490
0990545890
0730778310
0734332241
0669833895
0939553707
0954718251
0681806985
0685470532
0632004570
0508172948
0674095270
0951189974
0992035480
0636589610
0980782593
0676832850
0637705053
0972967138
0992261371
0986888830
0953311263
0674936407
0687932290
0979449562
0977214056
0937273983
0957273983
0679909089
+38 097 33 54 706
0973354706
0505086941
0503929639
0933834629
0636322768
0677914951
0993280377
0730230702
0992538740
0638768754
0939827989
0980779477
0509737740
0501462349
0661103306
0505614072
0675931204
0991749974
0662749620
0677746751
0636282336
+998712562496
0684153509
0504950183
0965246446
0504877081
0678985214
0996442703
0967513095
0984121701
0506684076
0970331379
0679791823
0951241155
0507122702
0957351420
0635759439
0993531405
0682207903
0977944284
0985015885
0509835488
0976571097
0362222529
0663014122
0990713002
0984375826
0978651798
0631364628
0505150648
0982990141
0966391710
0632852968
0994426747
0661417199
0639377146
0669881608
0961433186
0971363242
0961016807
0567312180
0678136354
0953821210
0638890626
0983735468
0977601489
0999534097
0997405622
0502819557
0501349086
0664098489
0972513283
0509028575
0973870023
0990281467
+380504765279
0509851896
0957577789
0671906191
0667344614
0980307929
0442708569
0634945968
0950668987
0667768659
0975005845
0992596555
0667877111
0991126286
0990702137
0950808025
0957340230
0954574871
0507145005
0953316965
0992505916
0997745158
0503103465
0633030373
0677720279
0505781419
0997421363
0630592382
0990786954
0968367650
0960005607
0678402077
0661288965
0930019381
0955007089
0634161473
0990376589
0682547032
0977294741
0667040199
0445799095
0666792548
0508768081
0503229795
0612207955
0675500555
0674025758
0676301408
0445372689
0672954678
0442483534
0672679363
0978381158
+3800938760437
+380 (093)8760437
+3800632968062
+380 (063)2968062
0974995832
0977399889
0982086738
0444973000
0631185528
0487053262
0507688288
0675046094
0963129988
0975645223
0636124686
0664082534
0445617428
0445851596
0443693431
0971118360
0991333118
0993633847
0507240259
0990249327
0505375008
0958789101
0676373822
0993442187
0976563070
0970763975
0505757702
0444509556
0962990333
0432690243
0949034243
0992771835
0672998774
0969729377
0443590100
0444657041
0956841189
0999567425
0932853824
0577568403
0951802814
0665249932
0507431010
0674647644
0504159431
0435528369
0933135512
0677072541
0442356025
0956718601
0443001214
0634406068
0950128361
0632171583
0980072505
0938490944
0674838790
0487883658
0987103844
0673288426
0674315979
0444688444
0994855561
0666634695
0679788865
0686516973