0445627580
0978573959
0665792337
0432505878
0432505816
0638453095
0999296649
0999296559
0991768379
0412430088
0965263332
0688002218
0677877071
0674556171
0938089462
0577780177
0573930688
0676565170
0679492199
0677348876
0562326816
0674039604
0950041580
0971244211
0957399855
0689869913
0677222029
0676643670
0990905576
0660797343
0634543025
0972937791
0668065036
0975636770
0432616958
0674301227
0432658720
0432658770
0634453005
0442360501
0442366114
0972774365
0933701299
0989210417
0487286899
0444065783
0672088288
0432511345
0674451881
0503163851
0976734144
0977892060
0562111111
0677421013
0672929652
0975375245
0501432467
0612200843
0612187986
0487883781
0677087706
0957253999
0675003751
0933060289
0985803216
0487991999
0958780444
0933547669
0503833720
0504450752
0676827116
0632983041
0487377713
0487377703
0500356882
0990653413
0501084399
0973761163
0995505068
0687143669
0987249950
0577546260
0673260607
0952331484
0504631042
0414120559
0972789088
0991187778
0675649465
0931338186
0988947013
0987004009
0985026064
0487950188
0500272300
0968329819
0633792164
0965114888
0675565151
0444011290
0445164362
0680504985
0445878600
0637094912
0667101480
0950648574
0977273362
0679565501
0667614409
0633012211
0674863459
0982073069
0936050216
0617017161
0982507390
0674646990
0442093275
0612227830
0612187258
0669830520
0675053447
0445619954
0677943592
0630248291
0674116780
0630067332
0382783802
0679586926
0677213585
0612700775
0504588177
0676317075
0971377810
0662696543
0675133114
0673866449
0984256414
0932607227
0487988735
0676305067
0967895726
0662573353
0677208593
0487613520
0673350846
0504635080
0633259732
0950005807
0972671887
0503590320
0442876022
0992484055
0978498088
0677552621
0503559721
0445243251
0442889585
0442543081
0487958696
0503948657
0975246143
0991407479
0504781408
0678859409
0676073773
0930786510
0503562189
0663663597
0980776473
0964688885