0963841049
0988137768
0968363593
0444505203
0503118359
0444977379
0503818403
0504413748
0632205443
0567673056
0961908310
0639864090
0689423495
0674483936
0734379994
0432575157
0432571919
0442078325
0444258450
0632609638
0633352764
0963924257
0985218228
0735218228
0675076573
0999436557
0675206261
0970523592
0990112360
0979038838
0612286225
0505370742
0979858247
0953198707
0996241363
0444677595
0444677596
0442375113
0445994309
0630686636
0674690161
0612246296
0612135014
0678580006
0674854683
0487151291
0507162913
0993129123
0442963758
0673279325
0509419410
0666250447
0959251727
0974418314
0966090529
0996522988
0412419620
0412552450
0987100656
0412464210
0972528075
0984782197
0412470610
0412422736
0977129960
0974799508
0412361539
0678992279
0412240674
0412241877
0672392506
0412362403
0412343561
0952767082
0975633057
0412446676
0688574797
0678804116
0487961589
0677970626
0677136977
0487872129
0672117473
0997317282
0958973163
0975635450
0675242085
0563716613
0672787245
0501018229
0686711585
0933374600
0504872279
0666988152
0979088354
0934252848
0972710588
0676199337
0954994590
0612128838
0612125717
0504703554
0503263246
0989701725
0956344750
0503206222
0567291454
0977409886
0673217714
0443310150
0962686785
0930231504
0509291521
0973059693
0501009134
0505641433
0990381778
0504718858
0660699676
0504829202
0991693353
0676128462
0676176653
0977677241
0503339309
0675654191
0506389111
0573401227
0577572840
0672392574
0636994521
0487757504
0674847405
0963820626
0667378826
0577576225
0506883666
0674412522
0412480120
0674871037
0633419311
0503954497
0996066624
0975555581
0432602031
0632744374
0972390053
0503907105
0487159523
0972523504
0682580592
0967793939
0666949142
0730103737
0631798659
0509835473
0964665878
0731589037
0676596387
0674747145
0950006141
0502404141
0502261136
0503578778
0961163400
0970508566
0672193649
0969921894
0487856727
0971752355
0987634452
0638742218
0612860084
0612861864
0959046077
0617017215
0617017216
0665873200
0993508971
0523573980
0445037572
0674045135
0509812401
0964404651
0637492117
0979174480
0973094406
0964050198
0612896871
0979779077
0675098873
0676581074
0936207858
0487712541
0444340372
0667367917
0509607580
0507038649
0442885855
0674621605
0487992344
0482470662
0509743595
0662769194
0931963287
0992599445
0612705808
0971302988
0999452064
0673008811
0674082678
0668300049
0972881388
0442456142
0563742131
0562351321
0639432411
0675093741
0963243013
0503425757
0637064992
0686855108
0675682722
0680015080
0635357533
0996602096
0997221227
0979627198
0679793478
0671348721
0637577529
0963477592
0935742974
0504227771
0444986009
0444986063
+3800631536777
+380 (063)1536777
+3800683454989
+380 (068)3454989
0732083593
0456561660
0504870115
0990301020
0989962525
0986840996
0968743446
0506346474
0567334057
0670078383
0612896083
0612131684
0672501099
0676360942
0994555656
0976923127
0668359258
0997191677
0503331091
0487590204
0689366002
0674434150
0933657026
0487365487
0665884777
0958781615
0503018581
0988501041
0979196247
0504004119
0504006184
0991441404
0512349497
0512346138
0660519498
0980852239
0674385628
0953667793
0955308744
0506733236
0971200792
0979727906
0662660280
0675676277
0567352983
0950413112
0686690023
0979756722
0938986107
0677003510
0952220292
0954327370
0444952793
0672437888
0687001144
0504258488
0504713912
0503265769
0507536181
0680026260
0442215408
0442215405
0612187508
0612868865
0676162216
0677161302
0997631107
0503881333
0504431646
0432699193
0676225662
0444071076
0444669745
0931216708
0664469739
0985087700
0685897813
0688368294
0989794465
0939200300
0962787257
0677656308
0633117044
0679989276
0674333841
0935960570
0731538909
0990250056
0443310040
0503597420
0487350854
0487842904
0445020015
0445020017
0563742020
0986067777
0442343101
0670011000
0938777768
0674032619
0444955246
0442000059
0442000051
0976022929
0631284041
0503928634
0675799655
0502021038
0567905214
0674033140
0445857179
0503926452
0509507515
0675014614
0737770007
0932263014
0984074525
0954717160
0677063486
0567281882
0672692946
0680838339
0673074235
0674898123
0504437425
0954437425
0674086674
0966150538
0679081949
0444625930