0676309690
0966689667
0963650696
0660690381
0950039196
0684023713
0676300483
0676300292
0957806067
0677808227
0983225756
0995003333
0504163944
0674116039
0676076683
0445582939
0666212652
0955452919
0661312109
0952721757
0975651819
0667111351
0672851949
0975055535
0972348970
0668650994
0993398779
0678291068
0996864777
0936405489
0666220902
0969434074
0984706183
0974175934
0989689122
0504254306
0509288585
0675727388
0634967080
0999458885
0482373811
0482332160
0671564563
0661500376
0630250436
0931431154
0984384153
0636714943
0674718113
0677155214
0675909980
0674818441
0502986914
0679653505
0638124485
0637205308
0993648005
0632604969
0980069697
0963145736
0665112124
0966308698
0954525613
0970609776
0972908995
0562362026
0975133623
0965202375
0671560558
0992134688
0675611620
0675119440
0957301770
0979439398
0672752946
0632548944
0972715237
0667344450
0508348528
0504199633
0664814500
0442388968
0675064406
0679420703
0999855873
0637722932
0973427892
0432569244
0959404393
0500384844
0666397085
0667658486
0632533959
0666242491
0978589955
0674845959
0667951089
0507070111
0562420012
0930000453
0960000453
0675201769
0674029657
0442809322
0674344169
0674339894
0994178858
0671148360
0675662703
0663719977
0965603268
0671275689
0963260454
0980829668
0445365897
0675070197
0631068222
0965923352
0730373579
0676335435
0567444715
0989030097
0995444666
0660401890
0965056324
0677055901
0976294290
0674305044
0957707400
0988164451
0674910379
0961891406
0979220182
0505020137
0977746999
0972135955
0674812412
0672400574
0674485729
0993636714
0952890768
0996405777
0675210390
0977480878
0443610302
0563718056
0567255584
0688080600
0674343606
0674343627
0672238234
0674343951
0676509544
0676115119
0675755101
0504503315
0674405531
0997059800
0507465575
0973849402
0951341189
0504877711
0984945757
0639879777
0674907599
0677277668
0953855736
0676329047
0445911414
0672398960
0674301886
0677734532
0683297463
0972910041
0730465327
0963090165
0985555517
0679678306
0443833442
0968451212
0567962826
0504484849
0444064317
0964172628
0631307390
0991363275
0676243777
0631771938
0676307893
0432623793
0432623794
0502286585
0997377318
0679427788
0973667377
+74957686254
0444832598
0675007045
0972078351
0502671307
0442894515
0675194865
0987330000
0668881437
0633189936
0676307450
0501818265
0506094393
0674114211