0676606080
0673270340
0972382537
0674663441
0734663441
0672168432
0444522997
+380633124593
0939170517
0676916776
0442479565
0632479565
0487786060
0487781111
0664516594
0971974235
0975153772
0674307477
0672426083
0505934118
0974598215
0562341710
0443626976
0972512405
0667636697
0987261797
0672174841
0637996764
0432550537
0503641020
0964999693
0685062223
0522567281
0506821422
0666850994
0639455845
0974217277
0674430417
0932441491
0675487991
0979710501
0960556707
0984136888
0503389898
0675505681
0675098535
0674464627
0677124617
0432551065
0432551075
0975932072