
0966596914
0667552935
0979786170
0972137010
0660762285
0957900998
0999150838
0934746045
0958860829
0661663631
0959553433
0502409739
0934470557
0977741060
0933423085
0631480521
0662507381
0977454119
0666959985
0978839771
0500148481
0679255262
0975054508
0638741013
0634016011
0997633761
0664595702
0990637351
0675329515
0676967050
0665199947
0638387428
0993173243
0974297125
0636454286
0506027002
0954732324
0930802634
0995012449
0939820726
0974304537
0999036837
0689661184
0678841815
0963266482
0631454392
0668048662
0939041041
0955393202
0684463328
0984191156
0500513345
0508010338
0932500112
0973526430
0963987278
0937013941
0934869708
0664856662
0508468347
0963251407
0963235051
0662393525
0683251114
0636074073
0638894689
0973198473
0972614273
0994561215
0503838334
0631027787
0672442123
0963997232
0505858036
0919014399
0957239428
0501739971
0684335944
0982915751
0988363509
0954049781
0672548210
0636046871
0506926029
0938019291
0509784234
0630259362
0508866941
0638083781
0667870433
0994529030
0982313918
0672689788
0509159166
0506662691
0961811837
0971216225
0362225298
0633019191
0675787873
0635073966
0676457389
0673759043
0666733817
0951880277
0683501544
0666429295
0687280921
0444023130
0983772720
0973071788
0934877454
0982772754
0666993014
0504562564
+38 (068) 1608977
0660360982
0633763737
0638546219
0507611289
0660160946
0677501459
+79788439660
0986269138
0957516152
0637732625
0990790710
0954839121
+37253125555
0974041959
0673931399
0958738027
0507048834
0639607608
0954578861
0639570279
0987224869
0635827202
0936707014
0666689744
0939650490
0990545890
0730778310
0734332241
0669833895
0939553707
0954718251
0681806985
0685470532
0632004570
0508172948
0674095270
0951189974
0992035480
0636589610
0980782593
0676832850
0637705053
0972967138
0992261371
0986888830
0953311263
0674936407
0687932290
0979449562
0977214056
0937273983
0957273983
0679909089
+38 097 33 54 706
0973354706
0505086941
0503929639
0933834629
0636322768
0677914951
0993280377
0730230702
0992538740
0638768754
0939827989
0980779477
0509737740
0501462349
0661103306
0505614072
0675931204
0991749974
0662749620
0677746751
0636282336
+998712562496
0684153509
0504950183
0965246446
0504877081
0678985214
0996442703
0967513095
0984121701
0506684076
0970331379
0679791823
0951241155
0507122702
0957351420
0635759439
0993531405
0682207903
0977944284
0985015885
0509835488
0976571097
0362222529
0663014122
0990713002
0984375826
0978651798
0631364628
0505150648
0982990141
0966391710
0632852968
0994426747
0661417199
0639377146
0669881608
0961433186
0971363242
0961016807
0567312180
0678136354
0953821210
0638890626
0983735468
0977601489
0999534097
0997405622
0502819557
0501349086
0664098489
0972513283
0509028575
0973870023
0990281467
+380504765279
0509851896
0957577789
0671906191
0667344614
0980307929
0442708569
0634945968
0950668987
0667768659
0975005845
0992596555
0667877111
0991126286
0990702137
0950808025
0957340230
0954574871
0507145005
0953316965
0992505916
0997745158
0503103465
0633030373
0677720279
0505781419
0997421363
0630592382
0990786954
0968367650
0960005607
0678402077
0661288965
0930019381
0955007089
0634161473
0990376589
0682547032
0977294741
0667040199
0445799095
0666792548
0508768081
0503229795
0612207955
0675500555
0674025758
0676301408
0445372689
0672954678
0442483534
0672679363
0978381158
+3800938760437
+380 (093)8760437
+3800632968062
+380 (063)2968062
0974995832
0977399889
0982086738
0444973000
0631185528
0487053262
0507688288
0675046094
0963129988
0975645223
0636124686
0664082534
0445617428
0445851596
0443693431
0971118360
0991333118
0993633847
0507240259
0990249327
0505375008
0958789101
0676373822
0993442187
0976563070
0970763975
0505757702
0444509556
0962990333
0432690243
0949034243
0992771835
0672998774
0969729377
0443590100
0444657041
0956841189
0999567425
0932853824
0577568403
0951802814
0665249932
0507431010
0674647644
0504159431
0435528369
0933135512
0677072541
0442356025
0956718601
0443001214
0634406068
0950128361
0632171583
0980072505
0938490944
0674838790
0487883658
0987103844
0673288426
0674315979
0444688444
0994855561
0666634695
0679788865
0686516973
0577579576
0973881962
0676312741
0682306422
0671091818
0674838777
0504167525
0662082534
0983832900
0972159435
0677842527
0957310407
0973468239
0677151981
0509155181
0432619916
0432619922
0989307639
0991811002
0487952528
0979166998
0502274748
0667444887
0971243399
0672987029
0984485449
0677633919
0931400606
0983246810
0506122434
0932638969
0984303061
0959149439
0984987484
0973820067
0634062597
0674733232
0675595145
0634877680
0509108421
0637188344
0972682942
0981019632
0685978997
0964601080
0675590727
0674175327
0563744702
0987905798
0679290758
0983666609
0982913353
0506293664
0934840127
0990211582
0967097626
0503440302
0967530414
0432621286
0938585849
0673838090
0442048090
0999497155
0633871370
0676545500
0666648283
0444955020
0676083535
0676127770
0612650447
0683524750
0673781520
0939830615
0952707900
0504161620
0505829760
0985000661
0675006868
0444611441
0507624779
0522271020
0679645075
0980241616
0634951018
0679353929
0444675955
0674945449
0504115013
0504443221
0934115185
0679008574
0672434583
0939092299
0677775991
0974882388
0674021747
0673957441
0974049544
0487873910
0933577075
0503352960
0734439585
0617010946
0979780254
0977292688
0678737878
0976990675
0983225992
0960307904
0972809387
0935738005
0973651075
0968738391
0444305543
0444689004
0675611543
0563776336
0679929191
0993000077
0981509720
0688612289
0979927000
0963098601
0487375545
0675031295
0638298698
0674081808
0673568667
0432525971
0673251635
0972020510
0676223625
0680896511
0577818571
0632961523
0676095948
0985126018
0432696400
0982173497
0665768269
0674838876
0631189940
0679541422
0930471574
0976935812
0955013554
0980100057
0445929294
0567670791
0562355091
0994707250
0637348488
0952809794
0673290297
0672197977
0936569797
0668195353
0672434400
0634943838
0675089099
0504228582
0972639944
0931446960
0676361594
0676905121
0672205444
0412466321
0967654470
0977954696
0673266886
0976221915
0679641590
0984561036
0972267175
0445409266
0445781453
0635781453
0939666486
0442234707
0677088744
0673412491
0958440185
0931062476
0931062478
0412472131
0412446333
0960267333
0522357677
0577791739
0673695542
0977144402
0506423555
0973900804
0679589841
0935676467
0682025264
0991853400
0664169070
0984818947
0663902080
0987536966
0950607805
0675943063
0509194383
0984204060
0672564603
0934452489
0968958834
0634159197
0989291505
0668267529
0975878791
0672436002
0612397177
0974732914
0674048780
0664845107
0667919141
0975672999
0996151883
0973998477
0504115659
0981560415
0482634403
0674839895
0675180208
0487034201
0993174749
0973416486
0504929707
0958242303
0567219464
0563715661
0482357263
0674488980
0675657755
0672091194
0672365120
0980626665
0674305693
0935200719
0973229597
0501617111
0671617111
0634291097
0567911242
0444309673
0444302185
0562521253
0567701570
0677197005
0970119911
0567365135
0504518762
0952683794
0977569320
0635257734
0939137577
0979886868
0412448020
0674101502
0672817628
0976151771
0444405177
0444405188
0687517751
0688131313
0676933356
0671785683
0442290881
0639735188
0978764226
0412553725
0965517479
0674126407
0442276887
0967270410
0674072637
0503623362
0676393031
0522243445
0509256225
0674097171
0444667171
0931505554
0669880909
0985963775
0507299303
0675617544
0675674652
0503345832
0444564473
0445319554
0442060535
0671637088
0671688853
0504127264
0932237474
0975136123
0612206063
0612702088
0675613353
0985533028
0632050707
0635153822
0675657189
0445062318
0445678042
0445850846
0445667195
0506433748
0672977334
0662189580
0931170083
0676862118
0953176684
0505908399
0963201608
0667701411
0661314700
0487876317
0980038588
0951155051
0631617575
0445401616
0487389565
0487930509
0503422778
0676506528
0676400065
0732882525
0663285719
0502155397
0445945594
0445615810
0635450987
0675598707
0675467223
0980044325
0445663411
0445663162
0962677110
0673842012
0930853588
0504453457
0444943535
0734528782
0487374319
0679520126
0507431310
0993287248
0505956154
0412256239
0976371183
0957320379
0505204460
0964738279
0963309081
0933137312
0672930304
0676565217
0612896528
0679561735
0931970358
0487015232
0487001718
0939808156
0984122991
0981198583
0504009864
0617013322
0679044009
0963841049
0988137768
0968363593
0444505203
0503118359
0444977379
0503818403
0504413748
0632205443
0567673056
0961908310
0639864090
0689423495
0674483936
0734379994
0432575157
0432571919
0442078325
0444258450
0632609638
0633352764
0963924257
0985218228
0735218228
0675076573
0999436557
0675206261
0970523592
0990112360
0979038838
0612286225
0505370742
0979858247
0953198707
0996241363
0444677595
0444677596
0442375113
0445994309
0630686636
0674690161
0612246296
0612135014
0678580006
0674854683
0487151291
0507162913
0993129123
0442963758
0673279325
0509419410
0666250447
0959251727
0974418314
0966090529
0996522988
0412419620
0412552450
0987100656
0412464210
0972528075
0984782197
0412470610
0412422736
0977129960
0974799508
0412361539
0678992279
0412240674
0412241877
0672392506
0412362403
0412343561
0952767082
0975633057
0412446676
0688574797
0678804116
0487961589
0677970626
0677136977
0487872129
0672117473
0997317282
0958973163
0975635450
0675242085
0563716613
0672787245
0501018229
0686711585
0933374600
0504872279
0666988152
0979088354
0934252848
0972710588
0676199337
0954994590
0612128838
0612125717
0504703554
0503263246
0989701725
0956344750
0503206222
0567291454
0977409886
0673217714
0443310150
0962686785
0930231504
0509291521
0973059693
0501009134
0505641433
0990381778
0504718858
0660699676
0504829202
0991693353
0676128462
0676176653
0977677241
0503339309
0675654191
0506389111
0573401227
0577572840
0672392574
0636994521
0487757504
0674847405
0963820626
0667378826
0577576225
0506883666
0674412522
0412480120
0674871037
0633419311
0503954497
0996066624
0975555581
0432602031
0632744374
0972390053
0503907105
0487159523
0972523504
0682580592
0967793939
0666949142
0730103737
0631798659
0509835473
0964665878
0731589037
0676596387
0674747145
0950006141
0502404141
0502261136
0503578778
0961163400
0970508566
0672193649
0969921894
0487856727
0971752355
0987634452
0638742218
0612860084
0612861864
0959046077
0617017215
0617017216
0665873200
0993508971
0523573980
0445037572
0674045135
0509812401
0964404651
0637492117
0979174480
0973094406
0964050198
0612896871
0979779077
0675098873
0676581074
0936207858
0487712541
0444340372
0667367917
0509607580
0507038649
0442885855
0674621605
0487992344
0482470662
0509743595
0662769194
0931963287
0992599445
0612705808
0971302988
0999452064
0673008811
0674082678
0668300049
0972881388
0442456142
0563742131
0562351321
0639432411
0675093741
0963243013
0503425757
0637064992
0686855108
0675682722
0680015080
0635357533
0996602096
0997221227
0979627198
0679793478
0671348721
0637577529
0963477592
0935742974
0504227771
0444986009
0444986063
+3800631536777
+380 (063)1536777
+3800683454989
+380 (068)3454989
0732083593
0456561660
0504870115
0990301020
0989962525
0986840996
0968743446
0506346474
0567334057
0670078383
0612896083
0612131684
0672501099
0676360942
0994555656
0976923127
0668359258
0997191677
0503331091
0487590204
0689366002
0674434150
0933657026
0487365487
0665884777
0958781615
0503018581
0988501041
0979196247
0504004119
0504006184
0991441404
0512349497
0512346138
0660519498
0980852239
0674385628
0953667793
0955308744
0506733236
0971200792
0979727906
0662660280
0675676277
0567352983
0950413112
0686690023
0979756722
0938986107
0677003510
0952220292
0954327370
0444952793
0672437888
0687001144
0504258488
0504713912
0503265769
0507536181
0680026260
0442215408
0442215405
0612187508
0612868865
0676162216
0677161302
0997631107
0503881333
0504431646
0432699193
0676225662
0444071076
0444669745
0931216708
0664469739
0985087700
0685897813
0688368294
0989794465
0939200300
0962787257
0677656308
0633117044
0679989276
0674333841
0935960570
0731538909
0990250056
0443310040
0503597420
0487350854
0487842904
0445020015
0445020017
0563742020
0986067777
0442343101
0670011000
0938777768
0674032619
0444955246
0442000059
0442000051
0976022929
0631284041
0503928634
0675799655
0502021038
0567905214
0674033140
0445857179
0503926452
0509507515
0675014614
0737770007
0932263014
0984074525
0954717160
0677063486
0567281882
0672692946
0680838339
0673074235
0674898123
0504437425
0954437425
0674086674
0966150538
0679081949
0444625930
0676606080
0673270340
0972382537
0674663441
0734663441
0672168432
0444522997
+380633124593
0939170517
0676916776
0442479565
0632479565
0487786060
0487781111
0664516594
0971974235
0975153772
0674307477
0672426083
0505934118
0974598215
0562341710
0443626976
0972512405
0667636697
0987261797
0672174841
0637996764
0432550537
0503641020
0964999693
0685062223
0522567281
0506821422
0666850994
0639455845
0974217277
0674430417
0932441491
0675487991
0979710501
0960556707
0984136888
0503389898
0675505681
0675098535
0674464627
0677124617
0432551065
0432551075
0975932072